# Created by Octave 6.4.0, Wed Apr 20 13:46:08 2022 +06 <dst@ds-inspiron5567>
# name: pricesY
# type: matrix
# rows: 27
# columns: 1
 3999
 3299
 3690
 2320
 5399
 2999
 3149
 1989
 2120
 2425
 2399
 3470
 3299
 6999
 2599
 4499
 1509
 1667
 5948
 4718
 3932
 2011
 4538
 2251
 2617
 4084
 3523


